"lowedF" "mededF" "highedF" "year"
"1" 0.94239150988223 0.977275369231845 1 1910
"2" 0.937761199102682 0.977293515424195 1 1911
"3" 0.933143603321767 0.977327365209328 1 1912
"4" 0.928571134956181 0.977396150192385 1 1913
"5" 0.924073686368403 0.977513750959721 1 1914
"6" 0.91966664401705 0.977680152506607 1 1915
"7" 0.915357485670098 0.977888830067405 1 1916
"8" 0.911134726034956 0.978119533982573 1 1917
"9" 0.906980908574467 0.978344911222538 1 1918
"10" 0.902884105520062 0.978534083895344 1 1919
"11" 0.898834157758053 0.978656615296559 1 1920
"12" 0.894818931170924 0.978688759610536 1 1921
"13" 0.890810347367287 0.978616889617753 1 1922
"14" 0.886755834195437 0.97843277103649 1 1923
"15" 0.882591641098598 0.978137934526473 1 1924
"16" 0.878251509579193 0.977736952387574 1 1925
"17" 0.873664447130681 0.977236580333818 1 1926
"18" 0.868751937153722 0.976640712559566 1 1927
"19" 0.86342177727957 0.975945479901035 1 1928
"20" 0.857574054662917 0.97514181801554 1 1929
"21" 0.851090126235266 0.974207129964035 0.999999999999999 1930
"22" 0.843844838820244 0.973114345838087 1 1931
"23" 0.835716089649084 0.971833383657684 1 1932
"24" 0.826584334031434 0.970334186227612 1 1933
"25" 0.81634158205351 0.968591188309135 1 1934
"26" 0.804897308659809 0.966583140915633 1 1935
"27" 0.792155816709474 0.964282266497703 1 1936
"28" 0.77804922804242 0.961663946252628 1 1937
"29" 0.762531203097991 0.958707515163588 1 1938
"30" 0.745613006788439 0.95540343797728 1 1939
"31" 0.72734605941883 0.951749713649014 0.999999999999999 1940
"32" 0.707830669893892 0.947751885567722 0.999999999999999 1941
"33" 0.687172463547137 0.943415611169588 1 1942
"34" 0.665442113811999 0.938735659822972 0.999999999999999 1943
"35" 0.642659001020199 0.933687452361347 1 1944
"36" 0.618829019713428 0.928244563709147 1 1945
"37" 0.593965303700442 0.922385199886156 1 1946
"38" 0.56811472781144 0.916102030562276 1 1947
"39" 0.541343018540054 0.909386905023535 1 1948
"40" 0.513757191015971 0.90223971942207 1 1949
"41" 0.485603454171313 0.894691800829894 1 1950
"42" 0.457188768660116 0.886787056772025 1 1951
"43" 0.428904306580725 0.878588143957955 1 1952
"44" 0.401068294134573 0.870164682893577 1 1953
"45" 0.373912306422871 0.861602898848747 1 1954
"46" 0.347634747483498 0.852993143722375 1 1955
"47" 0.322362088355939 0.844418196239201 1 1956
"48" 0.298176221852927 0.835926868076719 0.999999999999999 1957
"49" 0.275127971235461 0.827525931876371 1 1958
"50" 0.253269412186571 0.819172531988782 1 1959
"51" 0.23266379431494 0.810805593219066 1 1960
"52" 0.213421240681374 0.802338432935231 1 1961
"53" 0.195676033148396 0.793693312101211 1 1962
"54" 0.179466565385355 0.784802159869568 1 1963
"55" 0.164787249610208 0.775602924960111 1 1964
"56" 0.15156061525118 0.766048704691312 1 1965
"57" 0.139676709471616 0.756093008082312 0.999999999999999 1966
"58" 0.128999015595717 0.745717216731908 0.999999999999999 1967
"59" 0.119387595703761 0.734927277385112 1 1968
"60" 0.11071784481894 0.723803127812484 1 1969
"61" 0.102894774534105 0.712474606936541 1 1970
"62" 0.0958611407877197 0.701108005139578 1 1971
"63" 0.0895696494729002 0.689887040603447 1 1972
"64" 0.0839684177400147 0.678991358076477 1 1973
"65" 0.0789843382790575 0.668567103949893 1 1974
"66" 0.0745332227879549 0.658705671406303 1 1975
"67" 0.0705227253306573 0.649405149740072 0.999999999999999 1976
"68" 0.0668586816973206 0.640622914497119 1 1977
"69" 0.063444743627287 0.632234315815586 1 1978
"70" 0.0601813620460338 0.624080418663102 1 1979
"71" 0.0569863870550055 0.616029602374772 1 1980
"72" 0.0539543707198511 0.60825625687164 0.999999999999999 1981
"73" 0.0510749303082587 0.600748343823626 1 1982
"74" 0.0483413077805868 0.593497439821515 1 1983
"75" 0.0457469402533659 0.586495236748529 1 1984
"76" 0.0432854735604176 0.579733574202053 1 1985
"77" 0.0409507653007407 0.573204452405884 1 1986
"78" 0.0387368864916868 0.566900042952201 1 1987
"79" 0.0366381219854365 0.560812697569356 1 1988
"80" 0.0346489697962475 0.554934955101721 1 1989
"81" 0.032764139475348 0.549259546877298 1 1990
"82" 0.0309785496598395 0.543779400628118 1 1991
"83" 0.0292873249116944 0.538487643117489 0.999999999999999 1992
"84" 0.0276857919529747 0.533377601617403 1 1993
"85" 0.0261694753938394 0.528442804368742 0.999999999999999 1994
"86" 0.0247340930408052 0.523676980146616 1 1995
"87" 0.023375550864122 0.519074057043126 1 1996
"88" 0.0220899376950327 0.514628160570389 1 1997
"89" 0.0208735197161354 0.510333611177518 0.999999999999999 1998
"90" 0.0197227348010429 0.506184921266727 1 1999
"91" 0.0186341867530407 0.502176791785639 1 2000
"92" 0.0176046394864673 0.498304108465387 1 2001
"93" 0.0166310111890621 0.494561937767045 0.999999999999999 2002
"94" 0.0157103684985206 0.490945522592438 1 2003
"95" 0.0148399207219527 0.487450277809372 1 2004
"96" 0.0140170141228155 0.484071785635812 1 2005
"97" 0.0132391262961777 0.480805790922412 1 2006
"98" 0.0125038606498262 0.477648196368215 1 2007
"99" 0.0118089410057349 0.474595057700092 1 2008
"100" 0.0111522063337411 0.471642578842608 1 2009
"101" 0.0105316056268994 0.468787107101577 1 2010
"102" 0.00994519292588288 0.466025128381369 1 2011
"103" 0.00939112249794143 0.463353262453193 1 2012
"104" 0.00886764417430473 0.460768258289058 1 2013
"105" 0.00837309884848985 0.458266989473779 1 2014
"106" 0.00790591413673962 0.455846449705377 1 2015
"107" 0.00746460020074762 0.453503748392381 1 2016
"108" 0.00704774573190777 0.451236106354923 1 2017
"109" 0.00665401409554342 0.449040851635068 1 2018
"110" 0.00628213963290832 0.446915415420565 1 2019
"111" 0.00593092411819778 0.444857328085072 1 2020
"112" 0.00559923336734894 0.442864215346934 1 2021
"113" 0.00528599399503499 0.44093379454774 1 2022
"114" 0.0049901903159589 0.43906387105112 1 2023
"115" 0.00471086138631816 0.437252334761634 1 2024
"116" 0.00444709818113607 0.435497156763016 1 2025
"117" 0.00419804090302929 0.433796386074568 1 2026
"118" 0.00396287641789908 0.432148146524138 1 2027
"119" 0.0037408358129893 0.430550633735705 1 2028
"120" 0.00353119207274247 0.429002112229387 1 2029
"121" 0.00333325786790104 0.427500912631401 1 2030
"122" 0.00314638345334043 0.426045428991367 0.999999999999999 2031
"123" 0.00296995467018004 0.424634116204153 1 2032
"124" 0.00280339104779426 0.423265487533379 1 2033
"125" 0.00264614400143531 0.421938112233622 1 2034
"126" 0.00249769512128043 0.420650613268269 1 2035
"127" 0.00235755454882582 0.41940166511998 1 2036
