"inactiveW" "activeW" "year"
"1" 0.919417921055521 1 1910
"2" 0.916549969056566 1 1911
"3" 0.913589538464374 1 1912
"4" 0.910534336559163 1 1913
"5" 0.907382063425768 1 1914
"6" 0.904130416035753 1 1915
"7" 0.900777092635744 1 1916
"8" 0.897319797449414 1 1917
"9" 0.893756245699544 1 1918
"10" 0.890084168955349 1 1919
"11" 0.886301320808889 1 1920
"12" 0.882405482882794 1 1921
"13" 0.878394471169835 1 1922
"14" 0.874266142702896 1 1923
"15" 0.870018402551792 1 1924
"16" 0.865649211141066 1 1925
"17" 0.86115659188036 1 1926
"18" 0.856538639096273 1 1927
"19" 0.851793526251696 1 1928
"20" 0.84691951443558 1 1929
"21" 0.841914965852725 1 1930
"22" 0.836778319426026 1 1931
"23" 0.83155816487186 1 1932
"24" 0.826104652355723 1 1933
"25" 0.820304339512776 1 1934
"26" 0.814133063514266 1 1935
"27" 0.807684792209216 1 1936
"28" 0.800995878598969 1 1937
"29" 0.793990282070455 1 1938
"30" 0.786478556335282 1 1939
"31" 0.778196737337305 1 1940
"32" 0.768873225304793 1 1941
"33" 0.75825312162977 1 1942
"34" 0.746035916729639 1 1943
"35" 0.731874493427558 1 1944
"36" 0.715465776642818 1 1945
"37" 0.696646173631119 1 1946
"38" 0.675353089338826 1 1947
"39" 0.651533200594948 1 1948
"40" 0.625199349791255 1 1949
"41" 0.596550524524114 1 1950
"42" 0.566016086586828 1 1951
"43" 0.53420648625013 1 1952
"44" 0.501660093722374 1 1953
"45" 0.468834800703884 1 1954
"46" 0.436279781603966 1 1955
"47" 0.404758925314024 1 1956
"48" 0.375069288735366 1 1957
"49" 0.34769995904982 1 1958
"50" 0.32281792709045 1 1959
"51" 0.300390294428099 1 1960
"52" 0.28033657070575 1 1961
"53" 0.262561900361061 1 1962
"54" 0.246801203162717 1 1963
"55" 0.232619263441065 1 1964
"56" 0.21949775629063 1 1965
"57" 0.206924033644571 1 1966
"58" 0.194440109435012 1 1967
"59" 0.181671487104483 1 1968
"60" 0.168386197490228 1 1969
"61" 0.154564808380172 1 1970
"62" 0.140473153699339 1 1971
"63" 0.126700885143032 1 1972
"64" 0.114031772193411 1 1973
"65" 0.102965652000358 1 1974
"66" 0.0936639600468199 1 1975
"67" 0.0860507219693129 1 1976
"68" 0.07987144972558 1 1977
"69" 0.0747510816775179 1 1978
"70" 0.0702719702760241 1 1979
"71" 0.0660817710448039 1 1980
"72" 0.0621242370055255 1 1981
"73" 0.0583888994169553 1 1982
"74" 0.054865017493224 1 1983
"75" 0.0515421672391355 1 1984
"76" 0.0484102545263673 1 1985
"77" 0.0454595281864455 1 1986
"78" 0.04268058921462 1 1987
"79" 0.0400643965322807 1 1988
"80" 0.0376022697277186 1 1989
"81" 0.0352858891656499 1 1990
"82" 0.0331072938258249 1 1991
"83" 0.0310588772009117 1 1992
"84" 0.029133381554219 1 1993
"85" 0.0273238908091216 1 1994
"86" 0.0256238223145824 1 1995
"87" 0.0240269177051595 1 1996
"88" 0.0225272330494826 1 1997
"89" 0.0211191284584808 1 1998
"90" 0.0197972573036611 1 1999
"91" 0.0185565551764932 1 2000
"92" 0.0173922287023969 1 2001
"93" 0.0162997443069068 1 2002
"94" 0.0152748170172324 1 2003
"95" 0.0143133993695415 1 2004
"96" 0.0134116704807911 1 2005
"97" 0.0125660253337074 1 2006
"98" 0.0117730643144736 1 2007
"99" 0.011029583034729 1 2008
"100" 0.0103325624625186 1 2009
"101" 0.00967915938075963 1 2010
"102" 0.00906669718653445 1 2011
"103" 0.00849265703998741 1 2012
"104" 0.00795466936772239 1 2013
"105" 0.00745050572229972 1 2014
"106" 0.00697807099664608 1 2015
"107" 0.0065353959898626 1 2016
"108" 0.00612063031898935 1 2017
"109" 0.00573203566970867 1 2018
"110" 0.00536797937770195 1 2019
"111" 0.00502692833137434 1 2020
"112" 0.00470744318589298 1 2021
"113" 0.00440817287791578 1 2022
"114" 0.00412784942999056 1 2023
"115" 0.00386528303335331 1 2024
"116" 0.00361935739772765 1 2025
"117" 0.00338902535670526 1 2026
"118" 0.00317330471735207 1 2027
"119" 0.0029712743428227 1 2028
"120" 0.00278207045696208 1 2029
"121" 0.00260488316011797 1 2030
"122" 0.00243895314567066 1 2031
"123" 0.00228356860709807 1 2032
"124" 0.00213806232572896 1 2033
"125" 0.00200180892968714 1 2034
"126" 0.00187422231489027 1 2035
"127" 0.00175475321933413 1 2036
"1271" 0.00175475321933413 1 2037
