"inactiveWLow" "activeWLow" "inactiveWMed" "activeWMed" "inactiveWHigh" "activeWHigh" "year"
"1" 0.920424796489385 1 0.885498598081449 1 0.587113986433407 1 1910
"2" 0.918228216980027 1 0.882791768079976 1 0.581844557415809 1 1911
"3" 0.915976538624386 1 0.879928247392247 1 0.576346984739091 1 1912
"4" 0.91366868720487 1 0.876897183001455 1 0.570612021678725 1 1913
"5" 0.911303584747764 1 0.87368686509409 1 0.564630229356392 1 1914
"6" 0.908880150605192 1 0.870284656797367 1 0.558392008781829 1 1915
"7" 0.906397302602838 1 0.866676919021894 1 0.551887640409976 1 1916
"8" 0.903853958254876 1 0.862848930398456 1 0.545107332264456 1 1917
"9" 0.901249036047452 1 0.85878480241437 1 0.538041277766653 1 1918
"10" 0.89858145679193 1 0.854467390010951 1 0.530679724491537 1 1919
"11" 0.895850145048978 1 0.849878198109195 1 0.523013055141584 1 1920
"12" 0.893054030624371 1 0.84499728479769 1 0.51503188208205 1 1921
"13" 0.89019205013726 1 0.839803162259538 1 0.506727156806177 1 1922
"14" 0.887263148661405 1 0.834272696950258 1 0.498090295687361 1 1923
"15" 0.884266281439691 1 0.828381011086021 1 0.489113323314754 1 1924
"16" 0.881200415671974 1 0.822101388183252 1 0.4797890345848 1 1925
"17" 0.878064532376085 1 0.815405186231525 1 0.47011117651735 1 1926
"18" 0.874857628321501 1 0.808261763108264 1 0.460074650462971 1 1927
"19" 0.87157871803493 1 0.800638420083534 1 0.44967573494802 1 1928
"20" 0.868226835876715 1 0.792500370741978 1 0.438912328845603 1 1929
"21" 0.864804575284174 1 0.783810800879148 1 0.42778424664425 1 1930
"22" 0.861300712881645 1 0.774528753964317 1 0.416292215576154 1 1931
"23" 0.857771232302015 1 0.765234640481785 1 0.404776278034767 1 1932
"24" 0.854172247618681 1 0.75586432241481 1 0.393216822549398 1 1933
"25" 0.850458705569584 1 0.746336329134353 1 0.381569444937636 1 1934
"26" 0.84658979523194 1 0.736573275660547 1 0.369822146434872 1 1935
"27" 0.84253698455583 1 0.726519388685923 1 0.357996976149549 1 1936
"28" 0.838248142328045 1 0.716094163212506 1 0.346118330289438 1 1937
"29" 0.833632416170188 1 0.705203133209184 1 0.334208095623234 1 1938
"30" 0.828563376446552 1 0.693723587801476 1 0.322249372671009 1 1939
"31" 0.822882800993018 1 0.681531865286245 1 0.31029382330715 1 1940
"32" 0.816417654622984 1 0.668534960630041 1 0.298442027373204 1 1941
"33" 0.808990536459489 1 0.654670377651942 1 0.286823223894771 1 1942
"34" 0.800419928348161 1 0.639880788486885 1 0.275564190987338 1 1943
"35" 0.790527568972787 1 0.624117093276352 1 0.264768958714273 1 1944
"36" 0.779158991841866 1 0.607351195965551 1 0.254462155189351 1 1945
"37" 0.766206416634268 1 0.589574571844052 1 0.244609902866995 1 1946
"38" 0.75160575438452 1 0.570800156199186 1 0.235144758690926 1 1947
"39" 0.735324593999234 1 0.551079581325548 1 0.226012438267499 1 1948
"40" 0.717374926134101 1 0.530509834488522 1 0.217178968018026 1 1949
"41" 0.69783568233689 1 0.509234236312789 1 0.208627559944141 1 1950
"42" 0.676873013438718 1 0.487424284728282 1 0.200365987222193 1 1951
"43" 0.654733671483943 1 0.465269677549346 1 0.192397614617251 1 1952
"44" 0.631678251382853 1 0.442955872447256 1 0.184700802949879 1 1953
"45" 0.607958587903902 1 0.420667385045505 1 0.177259426198698 1 1954
"46" 0.583846543864991 1 0.398602508603514 1 0.170086990976309 1 1955
"47" 0.559664929994523 1 0.376985726257076 1 0.163228997113421 1 1956
"48" 0.53575452113075 1 0.356035995693594 1 0.156735270532916 1 1957
"49" 0.512394480208349 1 0.335917446113072 1 0.150635050289604 1 1958
"50" 0.489805100501688 1 0.316723237161666 1 0.14492734668474 1 1959
"51" 0.468169904780765 1 0.298489017666167 1 0.139575881919974 1 1960
"52" 0.447661274340894 1 0.281219818445708 1 0.134514504599224 1 1961
"53" 0.428439947710953 1 0.264892369303606 1 0.129657404152932 1 1962
"54" 0.410584089164726 1 0.249438866581332 1 0.124906473367553 1 1963
"55" 0.394082043458537 1 0.234749545453025 1 0.120162799347844 1 1964
"56" 0.378861759423346 1 0.220693498197691 1 0.115327922980749 1 1965
"57" 0.36482077194546 1 0.207141535538929 1 0.110309101574462 1 1966
"58" 0.351848334882737 1 0.193975351886469 1 0.105033606671384 1 1967
"59" 0.339832143919347 1 0.181095141921526 1 0.0994537425327486 1 1968
"60" 0.328667534025184 1 0.16843253898525 1 0.0935575761719076 1 1969
"61" 0.318276388230617 1 0.155967376902779 1 0.0873728553034767 1 1970
"62" 0.308627697075827 1 0.143736791675893 1 0.0809862470655567 1 1971
"63" 0.299767204284429 1 0.131833882874843 1 0.0745548332219546 1 1972
"64" 0.291768028887178 1 0.120384612453424 1 0.068278409337875 1 1973
"65" 0.284632417319026 1 0.109460164964558 1 0.0622967684254685 1 1974
"66" 0.278278475000801 1 0.0990666293730009 1 0.0566730407297085 1 1975
"67" 0.272591666601579 1 0.0891587093237671 1 0.0514100722109778 1 1976
"68" 0.267444482184336 1 0.079649907573597 1 0.0464617300373193 1 1977
"69" 0.262685222797056 1 0.0704309561433929 1 0.0417460703826049 1 1978
"70" 0.258148019970781 1 0.0613870990636169 1 0.0371686930513504 1 1979
"71" 0.253705961069718 1 0.0524229209840887 1 0.0326520271055153 1 1980
"72" 0.249313777638179 1 0.0447055208546394 1 0.0286870593887891 1 1981
"73" 0.24497267710611 1 0.0380785028491639 1 0.0251909896001763 1 1982
"74" 0.240682929825019 1 0.0324005361031434 1 0.0221112840942985 1 1983
"75" 0.236444776757202 1 0.0275449788409663 1 0.0194005924489069 1 1984
"76" 0.232258425359755 1 0.0233994804106334 1 0.0170164303629448 1 1985
"77" 0.228124050199407 1 0.019865131551891 1 0.0149208026415266 1 1986
"78" 0.224041793596557 1 0.0168554108208352 1 0.0130798240440759 1 1987
"79" 0.220011766296227 1 0.0142950354141294 1 0.0114633482561572 1 1988
"80" 0.216034048163697 1 0.0121187927491795 1 0.010044612101721 1 1989
"81" 0.212108688902569 1 0.0102704041698356 1 0.00879989965184524 1 1990
"82" 0.208235708793083 1 0.00870145322480997 1 0.00770822899829682 1 1991
"83" 0.204415099448509 1 0.00737039708277099 1 0.00675106304249695 1 1992
"84" 0.200646824587492 1 0.00624166978249052 1 0.00591204461106587 1 1993
"85" 0.196930820820283 1 0.0052848792503819 1 0.00517675546901097 1 1994
"86" 0.193266998446823 1 0.00447409557645195 1 0.00453249829448676 1 1995
"87" 0.189655242264721 1 0.00378722529746778 1 0.0039681003503298 1 1996
"88" 0.186095412385211 1 0.00320546490420437 1 0.00347373739321588 1 1997
"89" 0.182587345055241 1 0.00271282609610624 1 0.00304077626607269 1 1998
"90" 0.179130853483919 1 0.00229572517545118 1 0.00266163459607993 1 1999
"91" 0.175725728671598 1 0.00194262920282751 1 0.00232965604748037 0.999999999999999 2000
"92" 0.172371740239963 1 0.00164375198337607 1 0.00203899963961618 1 2001
"93" 0.169068637261542 1 0.00139079351883997 1 0.00178454172352094 1 2002
"94" 0.165816149087148 1 0.00117671717623846 1 0.00156178930612327 1 2003
"95" 0.162613986169831 1 0.000995559445294614 1 0.00136680351285756 1 2004
"96" 0.159461840883978 1 0.00084226775551266 1 0.00119613208260816 1 2005
"97" 0.156359388338303 1 0.000712562383500037 1 0.00104674989005549 1 2006
"98" 0.153306287181516 1 0.000602818993119092 1 0.000916006587449836 1 2007
"99" 0.15030218039955 1 0.000509968812041794 1 0.000801580549277148 1 2008
"100" 0.147346696103287 1 0.000431413858378971 1 0.000701438388333031 1 2009
"101" 0.144439448305821 1 0.000364954992470023 1 0.000613799390061232 1 2010
"102" 0.141580037688332 1 0.000308730885104191 1 0.000537104283612866 1 2011
"103" 0.138768052353746 1 0.000261166268434865 1 0.00046998783301877 1 2012
"104" 0.136003068567418 1 0.00022092807386187 1 0.000411254790519955 1 2013
"105" 0.133284651484127 1 0.000186888266393126 1 0.000359858806763924 1 2014
"106" 0.130612355860758 1 0.000158092361380202 1 0.000314883939755983 1 2015
"107" 0.127985726754108 1 0.000133732760737804 1 0.000275528446518347 1 2016
"108" 0.125404300203294 1 0.000113126175103506 1 0.000241090578858572 1 2017
"109" 0.122867603896328 1 0.0000956945088292915 1 0.000210956137897345 1 2018
"110" 0.120375157820473 1 0.0000809486788677649 1 0.00018458757146611 1 2019
"111" 0.117926474896029 1 0.0000684749187809253 1 0.000161514424537046 1 2020
"112" 0.115521061593295 1 0.0000579231873127917 1 0.00014132497586461 1 2021
"113" 0.113158418532449 1 0.0000489973589237191 1 0.000123658914348734 1 2022
"114" 0.1108380410662 1 0.0000414469229093051 1 0.000108200926490998 1 2023
"115" 0.108559419845037 1 0.0000350599595071444 1 0.0000946750820971509 1 2024
"116" 0.106322041365026 1 0.0000296571968312342 1 0.0000828399192482898 1 2025
"117" 0.104125388498078 1 0.0000250869825277888 1 0.0000724841417096833 1 2026
"118" 0.101968941004686 1 0.0000212210295083004 1 0.0000634228527136571 1 2027
"119" 0.099852176029172 1 0.0000179508167077458 1 0.0000554942583939066 1 2028
"120" 0.0977745685774797 1 0.0000151845440838905 1 0.0000485567824579647 1 2029
"121" 0.0957355919776357 1 0.0000128445565736879 1 0.0000424865408783504 1 2030
"122" 0.0937347183229843 1 0.0000108651648136338 1 0.0000371751317649327 1 2031
"123" 0.0917714188983561 1 0.00000919080154559992 1 0.0000325277011365976 1 2032
"124" 0.0898451645893495 1 0.00000777446202704368 1 0.0000284612502032822 1 2033
"125" 0.0879554262749238 1 0.0000065763846937017 1 0.0000249031540184852 1 2034
"126" 0.0861016752035325 1 0.00000556293509523798 0.999999999999999 0.0000217898651602155 0.999999999999999 2035
"127" 0.0842833833530378 1 0.00000470566177090959 1 0.0000190657793210924 1 2036
"1271" 0.0842833833530378 1 0.00000470566177090959 1 0.0000190657793210924 1 2037
