"lowedF" "mededF" "highedF" "year"
"1" 0.954576064263696 0.9776530978449 1 1870
"2" 0.954203151656287 0.977381881404268 1 1871
"3" 0.953833000394981 0.977115430775173 1 1872
"4" 0.953471953481036 0.976860633837588 1 1873
"5" 0.953126549755546 0.976624462022772 1 1874
"6" 0.952800551576364 0.976412021706911 1 1875
"7" 0.9524976165183 0.976228220661571 1 1876
"8" 0.952221839073552 0.976077691840148 1 1877
"9" 0.951970221337383 0.97595995403616 1 1878
"10" 0.951736401610468 0.975872185510425 1 1879
"11" 0.95150824474981 0.975807584211974 1 1880
"12" 0.951270859623348 0.975757677685668 1 1881
"13" 0.951003479277784 0.975711353599574 1 1882
"14" 0.950681522897113 0.975657070008046 1 1883
"15" 0.950280086011383 0.975583363768839 1 1884
"16" 0.949775470769397 0.975478841240789 1 1885
"17" 0.949145314025871 0.975332708723682 1 1886
"18" 0.948371384840433 0.975136502780038 1 1887
"19" 0.947437378019217 0.974883022370914 1 1888
"20" 0.94633151567179 0.974568376773405 1 1889
"21" 0.945046738692173 0.974191719035826 1 1890
"22" 0.943578450231102 0.973753678799207 1 1891
"23" 0.941928076377038 0.973258428137122 1 1892
"24" 0.940099213211661 0.972711328381299 1 1893
"25" 0.93809823427982 0.972118959254947 1 1894
"26" 0.935932659096706 0.971488219296317 1 1895
"27" 0.933610340054963 0.970825855351955 1 1896
"28" 0.931139979345547 0.970137992336624 1 1897
"29" 0.928530323917304 0.969430263348595 1 1898
"30" 0.925789449952339 0.968706956151971 1 1899
"31" 0.92292491312795 0.967971690189583 1 1900
"32" 0.919943603563089 0.967226908449034 1 1901
"33" 0.916855041340142 0.966475327912915 1 1902
"34" 0.913667981748615 0.965719272135999 1 1903
"35" 0.910385138129934 0.964958884979067 1 1904
"36" 0.907006504174106 0.964193268445142 1 1905
"37" 0.903526205576592 0.963419636450944 1 1906
"38" 0.899933033520682 0.962635104581928 1 1907
"39" 0.89621468573023 0.9618369492346 1 1908
"40" 0.892358611439105 0.961022691446652 1 1909
"41" 0.888352646551615 0.960189910433483 1 1910
"42" 0.884186615465487 0.959336404326052 1 1911
"43" 0.879851564658171 0.95846089165651 1 1912
"44" 0.875338769012598 0.957562383497514 1 1913
"45" 0.870639643746845 0.956640137699994 1 1914
"46" 0.865744629757236 0.955692549609733 1 1915
"47" 0.860640130317943 0.954714317773665 1 1916
"48" 0.855310734669404 0.953698757082717 1 1917
"49" 0.849737072942365 0.95263699208301 1 1918
"50" 0.843896008251729 0.951518277785864 1 1919
"51" 0.837763377384289 0.950331584840536 1 1920
"52" 0.831313874202017 0.949066156526479 1 1921
"53" 0.824521870808417 0.947711552681501 1 1922
"54" 0.81736186623393 0.946258695158207 1 1923
"55" 0.809809407625767 0.944700227856395 1 1924
"56" 0.80184104784948 0.94302974430502 1 1925
"57" 0.793436278499951 0.941243162903285 1 1926
"58" 0.784576591398257 0.939337486067557 1 1927
"59" 0.775248540540913 0.937311727412598 1 1928
"60" 0.765441406131247 0.935165730384549 1 1929
"61" 0.755151609393242 0.932900679408053 1 1930
"62" 0.744382225689159 0.930518217345033 1 1931
"63" 0.733139568404603 0.928020076677885 1 1932
"64" 0.721437709543247 0.925408216965433 1 1933
"65" 0.709293878694888 0.92268443008879 1 1934
"66" 0.696730476329467 0.919849241713869 1 1935
"67" 0.683772317463304 0.916901479347934 1 1936
"68" 0.670446118137282 0.913839779688392 1 1937
"69" 0.656785001875761 0.910663489905062 1 1938
"70" 0.642824582124524 0.907372537560823 1 1939
"71" 0.62860402453158 0.903968461318383 1 1940
"72" 0.614163616692958 0.900453687317199 1 1941
"73" 0.599544716761773 0.896833099602092 1 1942
"74" 0.584789456657516 0.89311414331244 1 1943
"75" 0.569939899216022 0.889305306375351 1 1944
"76" 0.55503729106959 0.885417171476063 1 1945
"77" 0.540122502423323 0.881461045624863 1 1946
"78" 0.525235327510611 0.877448094290465 1 1947
"79" 0.510413842322684 0.87338590724259 1 1948
"80" 0.495696011621891 0.869280018255277 1 1949
"81" 0.4811209011209 0.865131513454361 1 1950
"82" 0.466727857621311 0.86093946283936 1 1951
"83" 0.452555565563974 0.856698597943381 1 1952
"84" 0.438639972176523 0.852399859647886 1 1953
"85" 0.425014602173678 0.848032863296312 1 1954
"86" 0.411706033283052 0.843584808517336 1 1955
"87" 0.398735891822964 0.839042076621061 1 1956
"88" 0.386112945461664 0.834390191358025 1 1957
"89" 0.373840736711907 0.829614772097469 1 1958
"90" 0.361913302378368 0.824703586441686 1 1959
"91" 0.350316813828045 0.819648344796315 1 1960
"92" 0.339034298229503 0.814443605257695 1 1961
"93" 0.328042060902313 0.809091683890254 1 1962
"94" 0.317313973796668 0.803598581223634 1 1963
"95" 0.306822027130493 0.797978745686925 1 1964
"96" 0.296541977799508 0.792254242709011 1 1965
"97" 0.286453670742357 0.786450277103636 1 1966
"98" 0.27654878348447 0.780598739197401 1 1967
"99" 0.266822557563358 0.774730420079587 1 1968
"100" 0.257272657978077 0.768865028377366 1 1969
"101" 0.247896872728437 0.76301748601293 1 1970
"102" 0.238690856217815 0.757194169458983 1 1971
"103" 0.229648971433321 0.751397514732016 1 1972
"104" 0.220764566540724 0.745628035177768 1 1973
"105" 0.212027738972078 0.739880477825732 1 1974
"106" 0.203426670301845 0.734147536096006 1 1975
"107" 0.194944073042884 0.728420100969374 1 1976
"108" 0.186557331074105 0.722691034124335 1 1977
"109" 0.178242673691674 0.716955102930613 1 1978
"110" 0.16997593732054 0.711212114794751 1 1979
"111" 0.161734753057594 0.705463530564872 1 1980
"112" 0.153504323558716 0.699712384818604 1 1981
"113" 0.146024430348446 0.694167692467941 1 1982
"114" 0.138808802528278 0.688663144410255 1 1983
"115" 0.131857514009355 0.683201422004244 1 1984
"116" 0.125169560760738 0.67778458991291 1 1985
"117" 0.118743008661828 0.672414158563065 1 1986
"118" 0.112575076884511 0.667091131091532 1 1987
"119" 0.106662221314516 0.661816051490466 1 1988
"120" 0.101000216953646 0.656589053095088 1 1989
"121" 0.0955842383997123 0.651409906668312 1 1990
"122" 0.0904089376511553 0.646278067446626 1 1991
"123" 0.0854685186256284 0.641192720617502 1 1992
"124" 0.0807568079143369 0.636152824798757 1 1993
"125" 0.076267321415178 0.631157153183236 1 1994
"126" 0.07199332659696 0.626204332096925 1 1995
"127" 0.0679279002437739 0.621292876794736 1 1996
"128" 0.0640639816130069 0.616421224385392 1 1997
"129" 0.0603944210128468 0.611587763835281 1 1998
"130" 0.0569120238660069 0.606790863051052 1 1999
"131" 0.0536095903765583 0.60202889308256 1 2000
"132" 0.0504799509570435 0.597300249522172 1 2001
"133" 0.0475159976044109 0.592603371203918 1 2002
"134" 0.0447107114367002 0.587936756327407 1 2003
"135" 0.0420571866188029 0.583298976147225 1 2004
"136" 0.039548650915935 0.578688686379707 1 2005
"137" 0.0371784831185875 0.574104636485947 1 2006
"138" 0.0349402275834888 0.569545676993331 1 2007
"139" 0.0328276061322792 0.565010765018494 1 2008
"140" 0.0308345275438516 0.560498968152673 1 2009
"141" 0.0289550948682668 0.556009466866644 1 2010
"142" 0.0271836107803462 0.551541555587137 1 2011
"143" 0.0255145811799528 0.54709464259006 1 2012
"144" 0.0239427172339979 0.542668248848617 1 2013
"145" 0.0224629360426935 0.538262005966458 1 2014
"146" 0.0210703600998044 0.533875653317754 1 2015
"147" 0.0197603157038694 0.529509034507693 1 2016
"148" 0.0185283304647508 0.525162093258452 1 2017
"149" 0.0173701300375876 0.520834868817419 1 2018
"150" 0.0162816342043878 0.516527490976321 1 2019
"151" 0.0152589524121802 0.512240174782106 1 2020
"152" 0.0142983788659293 0.507973215012954 1 2021
"153" 0.013396387264326 0.503726980485685 1 2022
"154" 0.0125496252571298 0.499501908254118 1 2023
"155" 0.0117549086939702 0.495298497751654 1 2024
"156" 0.011009215726395 0.491117304925454 1 2025
"157" 0.0103096808174891 0.486958936404109 1 2026
"158" 0.00965358870654242 0.482824043735665 1 2027
"159" 0.00903836837000387 0.478713317728116 1 2028
"160" 0.0084615870142881 0.474627482920229 1 2029
"161" 0.00792094413086981 0.470567292206575 1 2030
"162" 0.00741426563947648 0.466533521637027 1 2031
"163" 0.006939498141038 0.462526965407684 1 2032
"164" 0.00649470329833806 0.458548431057161 1 2033
"165" 0.00607805235900346 0.454598734879465 1 2034
"166" 0.00568782083253171 0.450678697562194 1 2035
"167" 0.00532238333046206 0.446789140056535 1 2036
"168" 0.00498020857651157 0.442930879683574 1 2037
"169" 0.00465985459149754 0.439104726479547 1 2038
"170" 0.00435996405612281 0.435311479781088 1 2039
"171" 0.00407925985318885 0.431551925050056 1 2040
"172" 0.00381654078949659 0.427826830936224 1 2041
"173" 0.00357067749657884 0.424136946574989 1 2042
"174" 0.00334060850845823 0.420482999116226 1 2043
"175" 0.00312533651382466 0.416865691479551 1 2044
"176" 0.00292392477935901 0.41328570033046 1 2045
"177" 0.00273549374038018 0.409743674271179 1 2046
"178" 0.00255921775454699 0.406240232239465 1 2047
"179" 0.00239432201399268 0.402775962108131 1 2048
"180" 0.00224007961099587 0.399351419477685 1 2049
"181" 0.00209580875208884 0.395967126654134 1 2050
