"inactiveWLow" "activeWLow" "inactiveWMed" "activeWMed" "inactiveWHigh" "activeWHigh" "year"
"1" 0.045726155990127 1 0.330058199239113 1 0.881737028773031 1 1880
"2" 0.0462565293592021 1 0.326299562549707 1 0.874196300821934 1 1881
"3" 0.0467927563732839 1 0.32247267413288 1 0.866247698006333 1 1882
"4" 0.0473348947176206 1 0.318580831979738 1 0.857878532761424 1 1883
"5" 0.0478830024849594 1 0.314627421713598 1 0.849076933153554 1 1884
"6" 0.0484371381745059 1 0.310615906092121 1 0.839832021528372 1 1885
"7" 0.048997360690764 1 0.306549814395966 1 0.830134103284529 1 1886
"8" 0.0495637293422498 1 0.302432731766414 1 0.819974863988573 1 1887
"9" 0.050136303840081 1 0.298268288553515 1 0.809347572562458 1 1888
"10" 0.0507151442964344 1 0.294060149735021 1 0.798247287771327 1 1889
"11" 0.0513003112228724 1 0.289812004464517 1 0.786671064731497 1 1890
"12" 0.0518918655285316 1 0.28552755580495 1 0.774618157665961 1 1891
"13" 0.0524898685181744 1 0.281210510701115 1 0.762090214679662 1 1892
"14" 0.0530943818900965 1 0.276864570241654 1 0.749091459934462 1 1893
"15" 0.0537054677338904 1 0.272493420257828 1 0.735628858301489 1 1894
"16" 0.0543231885280592 1 0.268100722302717 1 0.721712257383946 1 1895
"17" 0.054947607137479 1 0.263690105050662 1 0.70735450176379 1 1896
"18" 0.055578786810706 1 0.259265156152756 1 0.692571514454872 1 1897
"19" 0.0562167911771253 1 0.254829414579976 1 0.67738234086284 1 1898
"20" 0.056861684243937 1 0.250386363481232 1 0.661809151070808 1 1899
"21" 0.057513530392978 1 0.24593942357922 1 0.64587719699326 1 1900
"22" 0.0581723943773744 1 0.241491947122481 1 0.629614721862277 1 1901
"23" 0.0588383413180218 1 0.23704721240759 1 0.613052820611539 1 1902
"24" 0.0595114366998903 1 0.232608418880897 1 0.596225250974471 1 1903
"25" 0.06019174636815 1 0.228178682824787 1 0.579168196471632 1 1904
"26" 0.0608793365241141 1 0.223761033628954 1 0.561919983877105 1 1905
"27" 0.0615742737209951 1 0.219358410642856 1 0.544520759164827 1 1906
"28" 0.0622766248594723 1 0.214973660601172 1 0.527012127279503 1 1907
"29" 0.0629864571830649 1 0.210609535609867 1 0.509436762288601 1 1908
"30" 0.0637038382733082 1 0.20626869167635 1 0.491837995491099 1 1909
"31" 0.0644288360447297 1 0.201953687763158 1 0.474259389832293 1 1910
"32" 0.0651615187396202 1 0.197666985340675 1 0.456744309461038 1 1911
"33" 0.0659019549225971 1 0.193410948410601 1 0.439335493439864 1 1912
"34" 0.0666502134749562 1 0.189187843968207 1 0.422074642470157 1 1913
"35" 0.0674063635888076 1 0.184999842867873 1 0.405002027031909 1 1914
"36" 0.068170474760993 1 0.180849021053072 1 0.388156124585489 1 1915
"37" 0.0689426167867799 1 0.176737361108789 1 0.371573292481516 1 1916
"38" 0.0697228597533292 1 0.17266675409143 1 0.355287482026068 1 1917
"39" 0.0705112740329325 1 0.168639001588645 1 0.339329997812677 1 1918
"40" 0.0713079302760155 1 0.164655817959136 1 0.32372930502401 1 1919
"41" 0.0721128994039033 1 0.160718832700619 1 0.308510885988968 1 1920
"42" 0.0729262526013447 1 0.15682959289263 1 0.293697145915293 1 1921
"43" 0.073748061308791 1 0.152989565659994 1 0.279307366456051 1 1922
"44" 0.0745783972144254 1 0.149200140602502 1 0.265357704653363 1 1923
"45" 0.0754173322459407 1 0.145462632136897 1 0.25186123386563 1 1924
"46" 0.0762649385620597 1 0.141778281698646 1 0.238828022544619 1 1925
"47" 0.0771212885437963 1 0.138148259753387 1 0.226265246193608 1 1926
"48" 0.0779864547854522 1 0.134573667571402 1 0.214177327504504 1 1927
"49" 0.0788605100853469 1 0.131055538723181 1 0.20256609952838 1 1928
"50" 0.0797435274362765 1 0.127594840260066 1 0.191430986761262 1 1929
"51" 0.0806355800156972 1 0.124192473551252 1 0.180769199201327 1 1930
"52" 0.0815367411756326 1 0.120849274756997 1 0.170575934728056 1 1931
"53" 0.0824516967851615 1 0.11756601786926 1 0.160841827702008 1 1932
"54" 0.0833785573105633 1 0.114341620544153 1 0.151564839149711 1 1933
"55" 0.0843805191949321 1 0.111188839342918 1 0.14235814056774 1 1934
"56" 0.0855589386147281 1 0.108210458622938 1 0.133342118671504 1 1935
"57" 0.0870348472993471 1 0.105530439098377 1 0.124656481556042 1 1936
"58" 0.0889190298044307 1 0.10326964399247 1 0.116430922529758 1 1937
"59" 0.0913018299944577 1 0.101550314698163 1 0.108821259882901 1 1938
"60" 0.0942330861327578 1 0.10047089234977 1 0.101964193696093 1 1939
"61" 0.0976991079907318 1 0.100056938461519 1 0.0959053833800485 1 1940
"62" 0.10159902648464 1 0.100236852306938 1 0.0905773316427502 1 1941
"63" 0.105759240033952 1 0.100865221660981 1 0.0858431563914623 1 1942
"64" 0.11004739255768 1 0.101834850575672 1 0.0816060285813238 1 1943
"65" 0.114362172914662 1 0.103059986303752 1 0.0777989164368032 1 1944
"66" 0.118607008590025 1 0.104444282795293 1 0.0743588581264384 1 1945
"67" 0.122672513190751 1 0.10586058756218 1 0.0712258305203521 1 1946
"68" 0.126421445460135 1 0.10715541391506 1 0.0683275168931308 1 1947
"69" 0.129767086905541 1 0.108236795108762 1 0.0656228913397009 1 1948
"70" 0.132673009390804 1 0.10905638549677 1 0.0631024946384142 1 1949
"71" 0.135141409949914 1 0.109599785937829 1 0.060775469825876 1 1950
"72" 0.137199237654384 1 0.109875290268579 1 0.0586563847680879 1 1951
"73" 0.138881922061443 1 0.109894242392313 1 0.0567388316955716 1 1952
"74" 0.140213420180694 1 0.109652548435395 1 0.0549957217811977 1 1953
"75" 0.141208591313419 1 0.109129463219437 1 0.0533909409224578 1 1954
"76" 0.141874190056131 1 0.1083023645558 1 0.0518773835201186 1 1955
"77" 0.142202656705649 1 0.107147640303934 1 0.0503892291142713 1 1956
"78" 0.142164236150616 1 0.105640039494591 1 0.0488587640568979 1 1957
"79" 0.14173175861163 1 0.103771210527741 1 0.0472526566065114 1 1958
"80" 0.140915801938758 1 0.101560329295582 1 0.0455755832759721 1 1959
"81" 0.139758196668395 1 0.099051835410792 1 0.0438559933728302 1 1960
"82" 0.138317985269051 1 0.0963048104094079 1 0.042126186094178 1 1961
"83" 0.136660472912096 1 0.0933803057910737 1 0.0404218460640832 1 1962
"84" 0.134854368073859 1 0.0903336155758335 1 0.0387691244607618 1 1963
"85" 0.132961254432969 1 0.0872121326674536 1 0.0371847714698647 1 1964
"86" 0.131027287805836 1 0.0840567131535245 1 0.0356774171187343 1 1965
"87" 0.129083997484489 1 0.0809029988324343 1 0.0342525299172801 1 1966
"88" 0.127154057937709 1 0.0777749907567282 1 0.0329095871080751 1 1967
"89" 0.125241339506018 1 0.0746803496385745 1 0.031639318480147 1 1968
"90" 0.123344999241166 1 0.0716198076385768 1 0.0304270408503493 1 1969
"91" 0.121459511696404 1 0.0685886000151783 1 0.0292517662587135 1 1970
"92" 0.11957664569993 1 0.0655726570025024 1 0.0280914368315223 1 1971
"93" 0.11771905991035 1 0.0626836859670784 1 0.0269759069124045 1 1972
"94" 0.115886530633226 1 0.0599112210083217 1 0.0259034920959328 1 1973
"95" 0.114078839758082 1 0.0572538928474203 1 0.0248726208372329 1 1974
"96" 0.112295765144596 1 0.0547075721578416 1 0.0238817689554789 1 1975
"97" 0.110537082998973 1 0.0522682203631738 1 0.0229294615194119 1 1976
"98" 0.108802568016396 1 0.0499318930772463 1 0.0220142717897672 1 1977
"99" 0.107091993520055 1 0.0476947428864378 1 0.0211348201379911 1 1978
"100" 0.105405131596778 1 0.0455530215268685 1 0.020289772946549 1 1979
"101" 0.10374175322923 1 0.0435030815071727 1 0.0194778414956705 1 1980
"102" 0.102101628424713 1 0.0415413772253618 1 0.0186977808409515 1 1981
"103" 0.100484526340551 1 0.0396644656259879 1 0.0179483886858271 1 1982
"104" 0.0988902154060807 1 0.0378690064414297 1 0.0172285042525542 1 1983
"105" 0.0973184634412703 1 0.0361517620586838 1 0.0165370071549891 1 1984
"106" 0.095769037771963 1 0.0345095970505982 1 0.0158728162761145 1 1985
"107" 0.0942417053417868 1 0.032939477408036 1 0.0152348886529661 1 1986
"108" 0.0927362328207432 1 0.0314384695070549 1 0.01462221837132 1 1987
"109" 0.0912523867105055 1 0.0300037388428203 1 0.0140338354722397 1 1988
"110" 0.0897899334464553 1 0.0286325485596842 1 0.0134688048723356 1 1989
"111" 0.0883486394964897 1 0.0273222578046382 1 0.012926225299361 1 1990
"112" 0.0869282714566337 1 0.0260703199292243 1 0.0124052282445631 1 1991
"113" 0.0855285961434945 1 0.0248742805629468 1 0.0119049769330098 1 1992
"114" 0.0841493806835956 1 0.023731775579291 1 0.0114246653129406 1 1993
"115" 0.0827903925996327 1 0.0226405289736184 1 0.0109635170650236 1 1994
"116" 0.0814513998936928 1 0.0215983506704715 1 0.0105207846322544 1 1995
"117" 0.0801321711274801 1 0.0206031342761894 1 0.010095748271095 1 1996
"118" 0.0788324754995958 1 0.0196528547912056 1 0.00968771512432785 1 1997
"119" 0.0775520829199161 1 0.0187455662949705 1 0.00929601831598821 1 1998
"120" 0.076290764081118 1 0.017879399615106 1 0.00892001606863389 1 1999
"121" 0.0750482905274017 1 0.0170525599911651 1 0.00855909084312135 1 2000
"122" 0.0738244347204586 1 0.0162633247422194 1 0.00821264850097236 1 2001
"123" 0.0726189701027367 1 0.0155100409464421 1 0.00788011748934119 1 2002
"124" 0.0714316711580541 1 0.0147911231398742 1 0.00756094804852513 1 2003
"125" 0.0702623134696131 1 0.0141050510406661 1 0.00725461144190099 1 2004
"126" 0.0691106737754672 1 0.0134503673042664 1 0.0069605992081174 1 2005
"127" 0.0679765300214947 1 0.0128256753142743 1 0.00667842243532519 1 2006
"128" 0.0668596614119305 1 0.0122296370129899 1 0.00640761105718692 1 2007
"129" 0.0657598484575125 1 0.01166097077507 1 0.00614771317037018 1 2008
"130" 0.0646768730212935 1 0.0111184493271353 1 0.00589829437319769 1 2009
"131" 0.0636105183621737 1 0.0106008977156583 1 0.00565893712510003 1 2010
"132" 0.0625605691762082 1 0.0101071913250038 1 0.00542924012649366 1 2011
"133" 0.0615268116357422 1 0.00963625394707613 1 0.00520881771868697 1 2012
"134" 0.0605090334264272 1 0.00918705590365549 1 0.00499729930340114 1 2013
"135" 0.0595070237821737 1 0.00875861222217359 1 0.00479432878147894 1 2014
"136" 0.0585205735180903 1 0.00834998086538117 1 0.00459956401034421 1 2015
"137" 0.0575494750614657 1 0.007960261015098 1 0.00441267627976633 1 2016
"138" 0.0565935224808426 1 0.00758859141000288 1 0.0042333498054785 1 2017
"139" 0.0556525115132382 1 0.00723414873721733 1 0.00406128124019415 1 2018
"140" 0.0547262395895611 1 0.00689614607725736 1 0.00389617920156431 1 2019
"141" 0.053814505858277 1 0.00657383140177251 1 0.00373776381661759 1 2020
"142" 0.0529171112073729 1 0.00626648612335667 1 0.00358576628222602 1 2021
"143" 0.0520338582846697 1 0.00597342369660025 1 0.00343992844114162 1 2022
"144" 0.0511645515165334 1 0.00569398826945499 1 0.0033000023731523 1 2023
"145" 0.0503089971250328 1 0.00542755338390094 1 0.00316575000090984 1 2024
"146" 0.0494670031435921 1 0.00517352072483656 1 0.00303694270998798 1 2025
"147" 0.0486383794311855 1 0.00493131891605769 1 0.00291336098273462 1 2026
"148" 0.047822937685121 1 0.00470040236214703 1 0.00279479404548882 1 2027
"149" 0.0470204914524583 1 0.00448025013506172 1 0.00268103952874043 1 2028
"150" 0.0462308561401069 1 0.00427036490418165 1 0.00257190313981792 1 2029
"151" 0.0454538490236488 1 0.00407027190856447 1 0.00246719834769816 1 2030
"152" 0.0446892892549277 1 0.00387951797014335 1 0.00236674607954016 1 2031
"153" 0.0439369978684503 1 0.00369767054659987 1 0.00227037442855383 1 2032
"154" 0.0431967977866389 1 0.00352431682264688 1 0.00217791837282336 1 2033
"155" 0.0424685138239785 1 0.00335906283846256 1 0.00208921950471427 1 2034
"156" 0.0417519726900969 1 0.0032015326540281 1 0.00200412577050221 1 2035
"157" 0.0410470029918197 1 0.00305136754813614 1 0.00192249121987099 1 2036
"158" 0.0403534352342359 1 0.00290822525085473 1 0.00184417576493661 1 2037
"159" 0.0396711018208147 1 0.00277177920825196 1 0.0017690449484635 1 2038
"160" 0.0389998370526084 1 0.0026417178782091 1 0.00169696972094835 1 2039
"161" 0.038339477126579 1 0.00251774405617454 1 0.00162782622625635 1 2040
"162" 0.0376898601330828 1 0.00239957422973685 1 0.00156149559550391 1 2041
"163" 0.0370508260525481 1 0.00228693796092233 1 0.00149786374889073 1 2042
"164" 0.0364222167513794 1 0.00217957729515098 1 0.00143682120519352 1 2043
"165" 0.0358038759771207 1 0.00207724619581325 1 0.00137826289864226 1 2044
"166" 0.0351956493529108 1 0.00197971000345975 1 0.00132208800290874 1 2045
"167" 0.0345973843712602 1 0.00188674491862564 1 0.00126819976194571 1 2046
"168" 0.0340089303871815 1 0.00179813750734132 1 0.00121650532742332 1 2047
"169" 0.0334301386107025 1 0.00171368422841113 1 0.00116691560251798 1 2048
"170" 0.0328608620987898 1 0.00163319098157139 1 0.00111934509181659 1 2049
"171" 0.032300955746712 1 0.00155647267566886 1 0.00107371175710728 1 2050
