"lowedF" "mededF" "highedF" "year"
"1" 0.921291163738039 0.966385580640772 1 1900
"2" 0.917727079593027 0.965693183906764 1 1901
"3" 0.914171214791894 0.965002915506112 1 1902
"4" 0.910630689324258 0.964316691064208 1 1903
"5" 0.907102626363374 0.963633242219668 1 1904
"6" 0.903579627921002 0.962949692880068 1 1905
"7" 0.900045150472888 0.962260448943785 1 1906
"8" 0.896474928466412 0.961560598476318 1 1907
"9" 0.892843316419666 0.960845896767247 1 1908
"10" 0.889126218408565 0.960113463278202 1 1909
"11" 0.885304693101927 0.959361312475207 1 1910
"12" 0.881362403205306 0.958588021492017 1 1911
"13" 0.877288730600148 0.957794234608695 1 1912
"14" 0.873075942134128 0.95698264052005 1 1913
"15" 0.868716708009007 0.956156092534315 1 1914
"16" 0.864203207602855 0.955315586554058 1 1915
"17" 0.859523620916036 0.954457165789463 1 1916
"18" 0.854658350049778 0.953571329537148 1 1917
"19" 0.84958445422022 0.952646550212924 1 1918
"20" 0.844272127386518 0.951667713156287 1 1919
"21" 0.838687148845579 0.950618292897582 1 1920
"22" 0.832794345776794 0.949481888010378 1 1921
"23" 0.82655746588169 0.948243688768658 1 1922
"24" 0.81993942732109 0.94689133543944 1 1923
"25" 0.812903210997384 0.945413748511313 1 1924
"26" 0.805413474021515 0.9438034422048 1 1925
"27" 0.797438398530128 0.94205631061621 1 1926
"28" 0.788948192992178 0.940169697856243 1 1927
"29" 0.779918392099045 0.938144280441198 1 1928
"30" 0.770330665412878 0.935982609603476 1 1929
"31" 0.760178420713178 0.933688893948652 1 1930
"32" 0.749459740297276 0.931267713658355 1 1931
"33" 0.738182089078267 0.928723603974738 1 1932
"34" 0.72636236073615 0.926060889814167 1 1933
"35" 0.714021171114293 0.92328329296194 1 1934
"36" 0.70118647817391 0.920391562359768 1 1935
"37" 0.687888108348823 0.91738280617725 1 1936
"38" 0.67415759123301 0.914253444979981 1 1937
"39" 0.660034393123636 0.911000684945319 1 1938
"40" 0.645564311500865 0.907623598512861 1 1939
"41" 0.630794957808919 0.904122482297321 1 1940
"42" 0.615776423555371 0.900501167513805 1 1941
"43" 0.60055899426344 0.896767131918086 1 1942
"44" 0.585193197248524 0.892933037663999 1 1943
"45" 0.569729302160168 0.889013759907882 1 1944
"46" 0.554215918445674 0.885028404350199 1 1945
"47" 0.538700307646384 0.880997673761184 1 1946
"48" 0.523228585343465 0.876941702344428 1 1947
"49" 0.507844020082397 0.872875940556614 1 1948
"50" 0.492591950247015 0.868807790101545 1 1949
"51" 0.477519524019751 0.864741490615063 1 1950
"52" 0.462677821141245 0.860674067462335 1 1951
"53" 0.44811762699511 0.856593608680697 1 1952
"54" 0.433888303285405 0.852484721378846 1 1953
"55" 0.42003475450985 0.84832569214427 1 1954
"56" 0.406596005070134 0.844092363721581 1 1955
"57" 0.393593764572669 0.839757210116855 1 1956
"58" 0.381041670243612 0.835291387166832 1 1957
"59" 0.368935496975603 0.830665632463581 1 1958
"60" 0.357256193865421 0.825856173456608 1 1959
"61" 0.345979392645709 0.820842243087436 1 1960
"62" 0.335069359401951 0.815612020218318 1 1961
"63" 0.324483217243111 0.810166762688588 1 1962
"64" 0.314175469446191 0.804513938579396 1 1963
"65" 0.304098038995314 0.798677295435664 1 1964
"66" 0.294214618923652 0.792695915017828 1 1965
"67" 0.2844966286454 0.786614074198701 1 1966
"68" 0.27493626891447 0.780486449440757 1 1967
"69" 0.265542238814928 0.774370032538617 1 1968
"70" 0.256324788833811 0.768297794776851 1 1969
"71" 0.247293634205985 0.76229271449631 1 1970
"72" 0.238457087455855 0.756362377691226 1 1971
"73" 0.229820002012052 0.750506489038669 1 1972
"74" 0.221385962463175 0.744721516157403 1 1973
"75" 0.213154306710229 0.738994315988293 1 1974
"76" 0.205113984831686 0.733305725713172 1 1975
"77" 0.197248583803627 0.727635813701307 1 1976
"78" 0.18952924714503 0.72196727996801 1 1977
"79" 0.181920486479888 0.716290414943217 1 1978
"80" 0.174385857430157 0.710599826433222 1 1979
"81" 0.166891498450561 0.704899672928345 1 1980
"82" 0.15941413523465 0.699195285022023 1 1981
"83" 0.152159587362237 0.693531211101317 1 1982
"84" 0.145131100027522 0.687912114678955 1 1983
"85" 0.138330864041795 0.682341704544157 1 1984
"86" 0.131760083931227 0.676823104372818 1 1985
"87" 0.125419037945295 0.671358784537223 1 1986
"88" 0.119307146936388 0.665950606814102 1 1987
"89" 0.113423044240585 0.660599870887989 1 1988
"90" 0.107764645654767 0.655307361858911 1 1989
"91" 0.102329218715462 0.650073398048606 1 1990
"92" 0.097113450594002 0.644897878485513 1 1991
"93" 0.0921135140285881 0.639780329533899 1 1992
"94" 0.0873251308148546 0.634719950214725 1 1993
"95" 0.0827436324712506 0.629715655844089 1 1994
"96" 0.078364017783007 0.6247661196882 1 1995
"97" 0.0741810070080626 0.619869812401206 1 1996
"98" 0.070189092599744 0.615025039073366 1 1997
"99" 0.066382586364181 0.610229973771892 1 1998
"100" 0.0627556630255101 0.605482691505127 1 1999
"101" 0.0593024002191807 0.600781197582934 1 2000
"102" 0.0560168149735388 0.596123454382267 1 2001
"103" 0.0528928967728252 0.591507405557413 1 2002
"104" 0.0499246373213498 0.586930997759623 1 2003
"105" 0.0471060571494808 0.582392199951281 1 2004
"106" 0.0444312292178197 0.577889020415864 1 2005
"107" 0.0418942996871229 0.573419521577151 1 2006
"108" 0.0394895060287472 0.568981832749923 1 2007
"109" 0.0372111926542016 0.564574160950258 1 2008
"110" 0.0350538242432907 0.560194799896746 1 2009
"111" 0.0330119969488122 0.555842137335089 1 2010
"112" 0.0310804476522593 0.551514660817807 1 2011
"113" 0.0292540614398603 0.547210962068574 1 2012
"114" 0.0275278774619229 0.54292974005732 1 2013
"115" 0.0258970933311255 0.538669802907871 1 2014
"116" 0.0243570682074012 0.534430068754833 1 2015
"117" 0.0229033247085936 0.530209565660842 1 2016
"118" 0.021531549777347 0.526007430699323 1 2017
"119" 0.0202375946258698 0.52182290830177 1 2018
"120" 0.0190174738714218 0.517655347962228 1 2019
"121" 0.017867363966736 0.513504201385427 1 2020
"122" 0.0167836010211683 0.509369019158775 1 2021
"123" 0.0157626781002585 0.505249447022362 1 2022
"124" 0.014801242083615 0.501145221805225 1 2023
"125" 0.0138960901536602 0.497056167090482 1 2024
"126" 0.0130441659807984 0.49298218866648 1 2025
"127" 0.0122425556640217 0.488923269815989 1 2026
"128" 0.0114884834798515 0.48487946649056 1 2027
"129" 0.0107793074868203 0.480850902412601 1 2028
"130" 0.0101125150274285 0.476837764143359 1 2029
"131" 0.00948571816465157 0.472840296151014 1 2030
"132" 0.00889664908560403 0.468858795909269 1 2031
"133" 0.00834315550088056 0.464893609053359 1 2032
"134" 0.00782319606436547 0.460945124617118 1 2033
"135" 0.00733483583491081 0.457013770371754 1 2034
"136" 0.00687624179821328 0.453100008284207 1 2035
"137" 0.00644567846444639 0.449204330110375 1 2036
"138" 0.00604150355470856 0.445327253136188 1 2037
"139" 0.00566216378710933 0.441469316077306 1 2038
"140" 0.00530619077131391 0.437631075146272 1 2039
"141" 0.00497219701858399 0.433813100294125 1 2040
"142" 0.00465887207277006 0.430015971631849 1 2041
"143" 0.00436497876631141 0.426240276035526 1 2042
"144" 0.00408934960406798 0.422486603937706 1 2043
"145" 0.00383088327672831 0.418755546306296 1 2044
"146" 0.00358854130459561 0.415047691811137 1 2045
"147" 0.0033613448117362 0.411363624177465 1 2046
"148" 0.00314837142976957 0.407703919724582 1 2047
"149" 0.00294875232997496 0.404069145087206 1 2048
"150" 0.00276166938187609 0.400459855116372 1 2049
"151" 0.00258635243603319 0.396876590956035 1 2050
"152" 0.00242207672841199 0.393319878291084 1 2051
"153" 0.00226816040340346 0.389790225761934 1 2052
"154" 0.00212396215233034 0.386288123540535 1 2053
"155" 0.00198887896408868 0.382814042062242 1 2054
"156" 0.00186234398442959 0.379368430907769 1 2055
"157" 0.0017438244802827 0.375951717829195 1 2056
"158" 0.00163281990545323 0.372564307913825 1 2057
"159" 0.00152886006398499 0.369206582879583 1 2058
"160" 0.0014315033674679 0.365878900495535 1 2059
"161" 0.00134033518257733 0.362581594121077 1 2060
"162" 0.00125496626516035 0.359314972357336 1 2061
"163" 0.00117503127722821 0.356079318804314 1 2062
"164" 0.00110018738327236 0.352874891917388 1 2063
"165" 0.00103011292239087 0.349701924956843 1 2064
"166" 0.000964506152791048 0.346560626024184 1 2065
"167" 0.00090308406532088 0.343451178179151 1 2066
"168" 0.000845581262775162 0.340373739631413 1 2067
"169" 0.000791748901819525 0.337328444001167 1 2068
"170" 0.000741353694477302 0.334315400642925 1 2069
"171" 0.000694176966227918 0.331334695027069 1 2070
"172" 0.000650013767870974 0.328386389173811 1 2071
"173" 0.000608672038416511 0.325470522134517 1 2072
"174" 0.0005699718163683 0.322587110515451 1 2073
"175" 0.000533744496872848 0.319736149039282 1 2074
"176" 0.000499832132311699 0.316917611139838 1 2075
"177" 0.000468086774017977 0.314131449585875 1 2076
"178" 0.00043836985289972 0.311377597129771 1 2077
"179" 0.000410551596852035 0.308655967177332 1 2078
"180" 0.000384510482937183 0.305966454475054 1 2079
"181" 0.000360132722406268 0.303308935811455 1 2080
