"inactiveWLow" "activeWLow" "inactiveWMed" "activeWMed" "inactiveWHigh" "activeWHigh" "year"
"1" 0.0824516967851615 1 0.11756601786926 1 0.160841827702008 1 1932
"2" 0.0833785573105633 1 0.114341620544153 1 0.151564839149711 1 1933
"3" 0.0843805191949321 1 0.111188839342918 1 0.14235814056774 1 1934
"4" 0.0855589386147281 1 0.108210458622938 1 0.133342118671504 1 1935
"5" 0.0870348472993471 1 0.105530439098377 1 0.124656481556042 1 1936
"6" 0.0889190298044307 1 0.10326964399247 1 0.116430922529758 1 1937
"7" 0.0913018299944577 1 0.101550314698163 1 0.108821259882901 1 1938
"8" 0.0942330861327578 1 0.10047089234977 1 0.101964193696093 1 1939
"9" 0.0976991079907318 1 0.100056938461519 1 0.0959053833800485 1 1940
"10" 0.10159902648464 1 0.100236852306938 1 0.0905773316427502 1 1941
"11" 0.105759240033952 1 0.100865221660981 1 0.0858431563914623 1 1942
"12" 0.11004739255768 1 0.101834850575672 1 0.0816060285813238 1 1943
"13" 0.114362172914662 1 0.103059986303752 1 0.0777989164368032 1 1944
"14" 0.118607008590025 1 0.104444282795293 1 0.0743588581264384 1 1945
"15" 0.122672513190751 1 0.10586058756218 1 0.0712258305203521 1 1946
"16" 0.126421445460135 1 0.10715541391506 1 0.0683275168931308 1 1947
"17" 0.129767086905541 1 0.108236795108762 1 0.0656228913397009 1 1948
"18" 0.132673009390804 1 0.10905638549677 1 0.0631024946384142 1 1949
"19" 0.135141409949914 1 0.109599785937829 1 0.060775469825876 1 1950
"20" 0.137199237654384 1 0.109875290268579 1 0.0586563847680879 1 1951
"21" 0.138881922061443 1 0.109894242392313 1 0.0567388316955716 1 1952
"22" 0.140213420180694 1 0.109652548435395 1 0.0549957217811977 1 1953
"23" 0.141208591313419 1 0.109129463219437 1 0.0533909409224578 1 1954
"24" 0.141874190056131 1 0.1083023645558 1 0.0518773835201186 1 1955
"25" 0.142202656705649 1 0.107147640303934 1 0.0503892291142713 1 1956
"26" 0.142164236150616 1 0.105640039494591 1 0.0488587640568979 1 1957
"27" 0.14173175861163 1 0.103771210527741 1 0.0472526566065114 1 1958
"28" 0.140915801938758 1 0.101560329295582 1 0.0455755832759721 1 1959
"29" 0.139758196668395 1 0.099051835410792 1 0.0438559933728302 1 1960
"30" 0.138317985269051 1 0.0963048104094079 1 0.042126186094178 1 1961
"31" 0.136660472912096 1 0.0933803057910737 1 0.0404218460640832 1 1962
"32" 0.134854368073859 1 0.0903336155758335 1 0.0387691244607618 1 1963
"33" 0.132961254432969 1 0.0872121326674536 1 0.0371847714698647 1 1964
"34" 0.131027287805836 1 0.0840567131535245 1 0.0356774171187343 1 1965
"35" 0.129083997484489 1 0.0809029988324343 1 0.0342525299172801 1 1966
"36" 0.127154057937709 1 0.0777749907567282 1 0.0329095871080751 1 1967
"37" 0.125241339506018 1 0.0746803496385745 1 0.031639318480147 1 1968
"38" 0.123344999241166 1 0.0716198076385768 1 0.0304270408503493 1 1969
"39" 0.121459511696404 1 0.0685886000151783 1 0.0292517662587135 1 1970
"40" 0.11957664569993 1 0.0655726570025024 1 0.0280914368315223 1 1971
"41" 0.11771905991035 1 0.0626836859670784 1 0.0269759069124045 1 1972
"42" 0.115886530633226 1 0.0599112210083217 1 0.0259034920959328 1 1973
"43" 0.114078839758082 1 0.0572538928474203 1 0.0248726208372329 1 1974
"44" 0.112295765144596 1 0.0547075721578416 1 0.0238817689554789 1 1975
"45" 0.110537082998973 1 0.0522682203631738 1 0.0229294615194119 1 1976
"46" 0.108802568016396 1 0.0499318930772463 1 0.0220142717897672 1 1977
"47" 0.107091993520055 1 0.0476947428864378 1 0.0211348201379911 1 1978
"48" 0.105405131596778 1 0.0455530215268685 1 0.020289772946549 1 1979
"49" 0.10374175322923 1 0.0435030815071727 1 0.0194778414956705 1 1980
"50" 0.102101628424713 1 0.0415413772253618 1 0.0186977808409515 1 1981
"51" 0.100484526340551 1 0.0396644656259879 1 0.0179483886858271 1 1982
"52" 0.0988902154060807 1 0.0378690064414297 1 0.0172285042525542 1 1983
"53" 0.0973184634412703 1 0.0361517620586838 1 0.0165370071549891 1 1984
"54" 0.095769037771963 1 0.0345095970505982 1 0.0158728162761145 1 1985
"55" 0.0942417053417868 1 0.032939477408036 1 0.0152348886529661 1 1986
"56" 0.0927362328207432 1 0.0314384695070549 1 0.01462221837132 1 1987
"57" 0.0912523867105055 1 0.0300037388428203 1 0.0140338354722397 1 1988
"58" 0.0897899334464553 1 0.0286325485596842 1 0.0134688048723356 1 1989
"59" 0.0883486394964897 1 0.0273222578046382 1 0.012926225299361 1 1990
"60" 0.0869282714566337 1 0.0260703199292243 1 0.0124052282445631 1 1991
"61" 0.0855285961434945 1 0.0248742805629468 1 0.0119049769330098 1 1992
"62" 0.0841493806835956 1 0.023731775579291 1 0.0114246653129406 1 1993
"63" 0.0827903925996327 1 0.0226405289736184 1 0.0109635170650236 1 1994
"64" 0.0814513998936928 1 0.0215983506704715 1 0.0105207846322544 1 1995
"65" 0.0801321711274801 1 0.0206031342761894 1 0.010095748271095 1 1996
"66" 0.0788324754995958 1 0.0196528547912056 1 0.00968771512432785 1 1997
"67" 0.0775520829199161 1 0.0187455662949705 1 0.00929601831598821 1 1998
"68" 0.076290764081118 1 0.017879399615106 1 0.00892001606863389 1 1999
"69" 0.0750482905274017 1 0.0170525599911651 1 0.00855909084312135 1 2000
"70" 0.0738244347204586 1 0.0162633247422194 1 0.00821264850097236 1 2001
"71" 0.0726189701027367 1 0.0155100409464421 1 0.00788011748934119 1 2002
"72" 0.0714316711580541 1 0.0147911231398742 1 0.00756094804852513 1 2003
"73" 0.0702623134696131 1 0.0141050510406661 1 0.00725461144190099 1 2004
"74" 0.0691106737754672 1 0.0134503673042664 1 0.0069605992081174 1 2005
"75" 0.0679765300214947 1 0.0128256753142743 1 0.00667842243532519 1 2006
"76" 0.0668596614119305 1 0.0122296370129899 1 0.00640761105718692 1 2007
"77" 0.0657598484575125 1 0.01166097077507 1 0.00614771317037018 1 2008
"78" 0.0646768730212935 1 0.0111184493271353 1 0.00589829437319769 1 2009
"79" 0.0636105183621737 1 0.0106008977156583 1 0.00565893712510003 1 2010
"80" 0.0625605691762082 1 0.0101071913250038 1 0.00542924012649366 1 2011
"81" 0.0615268116357422 1 0.00963625394707613 1 0.00520881771868697 1 2012
"82" 0.0605090334264272 1 0.00918705590365549 1 0.00499729930340114 1 2013
"83" 0.0595070237821737 1 0.00875861222217359 1 0.00479432878147894 1 2014
"84" 0.0585205735180903 1 0.00834998086538117 1 0.00459956401034421 1 2015
"85" 0.0575494750614657 1 0.007960261015098 1 0.00441267627976633 1 2016
"86" 0.0565935224808426 1 0.00758859141000288 1 0.0042333498054785 1 2017
"87" 0.0556525115132382 1 0.00723414873721733 1 0.00406128124019415 1 2018
"88" 0.0547262395895611 1 0.00689614607725736 1 0.00389617920156431 1 2019
"89" 0.053814505858277 1 0.00657383140177251 1 0.00373776381661759 1 2020
"90" 0.0529171112073729 1 0.00626648612335667 1 0.00358576628222602 1 2021
"91" 0.0520338582846697 1 0.00597342369660025 1 0.00343992844114162 1 2022
"92" 0.0511645515165334 1 0.00569398826945499 1 0.0033000023731523 1 2023
"93" 0.0503089971250328 1 0.00542755338390094 1 0.00316575000090984 1 2024
"94" 0.0494670031435921 1 0.00517352072483656 1 0.00303694270998798 1 2025
"95" 0.0486383794311855 1 0.00493131891605769 1 0.00291336098273462 1 2026
"96" 0.047822937685121 1 0.00470040236214703 1 0.00279479404548882 1 2027
"97" 0.0470204914524583 1 0.00448025013506172 1 0.00268103952874043 1 2028
"98" 0.0462308561401069 1 0.00427036490418165 1 0.00257190313981792 1 2029
"99" 0.0454538490236488 1 0.00407027190856447 1 0.00246719834769816 1 2030
"100" 0.0446892892549277 1 0.00387951797014335 1 0.00236674607954016 1 2031
"101" 0.0439369978684503 1 0.00369767054659987 1 0.00227037442855383 1 2032
"102" 0.0431967977866389 1 0.00352431682264688 1 0.00217791837282336 1 2033
"103" 0.0424685138239785 1 0.00335906283846256 1 0.00208921950471427 1 2034
"104" 0.0417519726900969 1 0.0032015326540281 1 0.00200412577050221 1 2035
"105" 0.0410470029918197 1 0.00305136754813614 1 0.00192249121987099 1 2036
"106" 0.0403534352342359 1 0.00290822525085473 1 0.00184417576493661 1 2037
"107" 0.0396711018208147 1 0.00277177920825196 1 0.0017690449484635 1 2038
"108" 0.0389998370526084 1 0.0026417178782091 1 0.00169696972094835 1 2039
"109" 0.038339477126579 1 0.00251774405617454 1 0.00162782622625635 1 2040
"110" 0.0376898601330828 1 0.00239957422973685 1 0.00156149559550391 1 2041
"111" 0.0370508260525481 1 0.00228693796092233 1 0.00149786374889073 1 2042
"112" 0.0364222167513794 1 0.00217957729515098 1 0.00143682120519352 1 2043
"113" 0.0358038759771207 1 0.00207724619581325 1 0.00137826289864226 1 2044
"114" 0.0351956493529108 1 0.00197971000345975 1 0.00132208800290874 1 2045
"115" 0.0345973843712602 1 0.00188674491862564 1 0.00126819976194571 1 2046
"116" 0.0340089303871815 1 0.00179813750734132 1 0.00121650532742332 1 2047
"117" 0.0334301386107025 1 0.00171368422841113 1 0.00116691560251798 1 2048
"118" 0.0328608620987898 1 0.00163319098157139 1 0.00111934509181659 1 2049
"119" 0.032300955746712 1 0.00155647267566886 1 0.00107371175710728 1 2050
"120" 0.0317502762788697 1 0.00148335281602994 1 0.0010299368788353 1 2051
"121" 0.0312086822391176 1 0.0014136631102199 1 0.000987944923010269 1 2052
"122" 0.0306760339806063 1 0.00134724309141981 1 0.00094766341335859 1 2053
"123" 0.0301521936551664 1 0.00128393975867687 1 0.000909022808521535 1 2054
"124" 0.0296370252022613 1 0.00122360723331115 1 0.000871956384106885 1 2055
"125" 0.0291303943375308 1 0.00116610643078858 1 0.000836400119408545 1 2056
"126" 0.0286321685409491 1 0.00111130474739608 1 0.000802292588615203 1 2057
"127" 0.0281422170446184 1 0.00105907576108038 1 0.000769574856335495 1 2058
"128" 0.0276604108202208 1 0.00100929894583666 1 0.000738190377273297 1 2059
"129" 0.0271866225661474 1 0.000961859399057421 1 0.00070808489989283 1 2060
"130" 0.0267207266943271 1 0.000916647581275314 1 0.000679206373919052 1 2061
"131" 0.0262625993167717 1 0.000873559067756312 1 0.000651504861524458 1 2062
"132" 0.0258121182318584 1 0.000832494311421724 1 0.000624932452058919 1 2063
"133" 0.0253691629103671 1 0.000793358416598683 1 0.000599443180184427 1 2064
"134" 0.0249336144812891 1 0.000756060923119376 1 0.000574992947281772 1 2065
"135" 0.0245053557174259 1 0.000720515600309136 1 0.000551539446001125 1 2066
"136" 0.0240842710207928 1 0.000686640250422704 1 0.000529042087833275 1 2067
"137" 0.0236702464078444 1 0.000654356521106442 1 0.000507461933582904 1 2068
"138" 0.0232631694945362 1 0.000623589726482138 1 0.000486761626629765 1 2069
"139" 0.0228629294812378 1 0.000594268676465202 1 0.000466905328867922 1 2070
"140" 0.0224694171375114 1 0.000566325513946596 1 0.000447858659217403 1 2071
"141" 0.0220825247867693 1 0.000539695559483749 1 0.000429588634606621 1 2072
"142" 0.0217021462908237 1 0.000514317163161003 1 0.000412063613327815 1 2073
"143" 0.021328177034341 1 0.000490131563294865 1 0.000395253240671497 1 2074
"144" 0.0209605139092138 1 0.000467082751673438 1 0.000379128396749501 1 2075
"145" 0.0205990552988607 1 0.000445117345033005 1 0.000363661146419728 1 2076
"146" 0.0202437010624665 1 0.00042418446248775 1 0.00034882469122901 1 2077
"147" 0.0198943525191731 1 0.000404235608641099 1 0.000334593323293783 1 2078
"148" 0.0195509124322309 1 0.000385224562119164 1 0.000320942381041335 1 2079
"149" 0.019213284993122 1 0.000367107269278271 1 0.000307848206737447 1 2080
